threshold,known_accuracy,unknown_rejection,overall_score,known_correct,known_total,unknown_rejected,unknown_total
0.80,0.8130,1.0000,0.9065,878,1080,154,154
0.81,0.8352,1.0000,0.9176,902,1080,154,154
0.82,0.8481,1.0000,0.9241,916,1080,154,154
0.83,0.8667,1.0000,0.9333,936,1080,154,154
0.84,0.8824,1.0000,0.9412,953,1080,154,154
0.85,0.8917,1.0000,0.9458,963,1080,154,154
0.86,0.9009,1.0000,0.9505,973,1080,154,154
0.87,0.9093,1.0000,0.9546,982,1080,154,154
0.88,0.9148,1.0000,0.9574,988,1080,154,154
0.89,0.9194,1.0000,0.9597,993,1080,154,154
0.90,0.9222,1.0000,0.9611,996,1080,154,154
0.91,0.9259,1.0000,0.9630,1000,1080,154,154
0.92,0.9287,1.0000,0.9644,1003,1080,154,154
0.93,0.9306,1.0000,0.9653,1005,1080,154,154
0.94,0.9343,1.0000,0.9671,1009,1080,154,154
0.95,0.9389,1.0000,0.9694,1014,1080,154,154
0.96,0.9417,1.0000,0.9708,1017,1080,154,154
0.97,0.9444,1.0000,0.9722,1020,1080,154,154
0.98,0.9491,1.0000,0.9745,1025,1080,154,154
0.99,0.9537,1.0000,0.9769,1030,1080,154,154
1.00,0.9565,1.0000,0.9782,1033,1080,154,154
1.01,0.9583,1.0000,0.9792,1035,1080,154,154
1.02,0.9630,1.0000,0.9815,1040,1080,154,154
1.03,0.9667,0.9935,0.9801,1044,1080,153,154
1.04,0.9685,0.9870,0.9778,1046,1080,152,154
1.05,0.9694,0.9870,0.9782,1047,1080,152,154
1.06,0.9704,0.9740,0.9722,1048,1080,150,154
1.07,0.9704,0.9610,0.9657,1048,1080,148,154
1.08,0.9713,0.9351,0.9532,1049,1080,144,154
1.09,0.9713,0.8896,0.9305,1049,1080,137,154
1.10,0.9713,0.8571,0.9142,1049,1080,132,154
1.11,0.9713,0.8247,0.8980,1049,1080,127,154
1.12,0.9713,0.7662,0.8688,1049,1080,118,154
1.13,0.9713,0.6948,0.8331,1049,1080,107,154
1.14,0.9713,0.6688,0.8201,1049,1080,103,154
1.15,0.9713,0.6039,0.7876,1049,1080,93,154
1.16,0.9713,0.5130,0.7421,1049,1080,79,154
1.17,0.9713,0.4740,0.7227,1049,1080,73,154
1.18,0.9713,0.4221,0.6967,1049,1080,65,154
1.19,0.9713,0.3636,0.6675,1049,1080,56,154
1.20,0.9713,0.2987,0.6350,1049,1080,46,154
1.21,0.9713,0.2403,0.6058,1049,1080,37,154
1.22,0.9713,0.1494,0.5603,1049,1080,23,154
1.23,0.9713,0.1299,0.5506,1049,1080,20,154
1.24,0.9713,0.0844,0.5279,1049,1080,13,154
1.25,0.9713,0.0260,0.4986,1049,1080,4,154
1.26,0.9713,0.0130,0.4921,1049,1080,2,154
1.27,0.9713,0.0130,0.4921,1049,1080,2,154
1.28,0.9713,0.0065,0.4889,1049,1080,1,154
1.29,0.9713,0.0000,0.4856,1049,1080,0,154
1.30,0.9713,0.0000,0.4856,1049,1080,0,154
1.31,0.9713,0.0000,0.4856,1049,1080,0,154
1.32,0.9713,0.0000,0.4856,1049,1080,0,154
1.33,0.9713,0.0000,0.4856,1049,1080,0,154
1.34,0.9713,0.0000,0.4856,1049,1080,0,154
1.35,0.9713,0.0000,0.4856,1049,1080,0,154
1.36,0.9713,0.0000,0.4856,1049,1080,0,154
1.37,0.9713,0.0000,0.4856,1049,1080,0,154
1.38,0.9713,0.0000,0.4856,1049,1080,0,154
1.39,0.9713,0.0000,0.4856,1049,1080,0,154
1.40,0.9713,0.0000,0.4856,1049,1080,0,154
1.41,0.9713,0.0000,0.4856,1049,1080,0,154
1.42,0.9713,0.0000,0.4856,1049,1080,0,154
1.43,0.9713,0.0000,0.4856,1049,1080,0,154
1.44,0.9713,0.0000,0.4856,1049,1080,0,154
1.45,0.9713,0.0000,0.4856,1049,1080,0,154
1.46,0.9713,0.0000,0.4856,1049,1080,0,154
1.47,0.9713,0.0000,0.4856,1049,1080,0,154
1.48,0.9713,0.0000,0.4856,1049,1080,0,154
1.49,0.9713,0.0000,0.4856,1049,1080,0,154
1.50,0.9713,0.0000,0.4856,1049,1080,0,154

BEST THRESHOLD BY BALANCED SCORE
threshold: 1.02
known_accuracy: 0.9630 (1040/1080)
unknown_rejection: 1.0000 (154/154)
balanced_score: 0.9815
